8 0.44609375 0.28125 0.2859375 0.1875
8 0.703125 0.49140625 0.2453125 0.18125
8 0.70546875 0.6296875 0.2671875 0.134375
8 0.69453125 0.72578125 0.2546875 0.1296875
8 0.4484375 0.41328125 0.271875 0.15625
8 0.45078125 0.53984375 0.259375 0.134375
8 0.45546875 0.63828125 0.24375 0.11875
8 0.45546875 0.72734375 0.24375 0.10625
8 0.18984375 0.53828125 0.290625 0.228125
8 0.20078125 0.68984375 0.2859375 0.1140625
8 0.21875 0.78984375 0.2859375 0.134375
8 0.1875 0.328125 0.2328125 0.15625
8 0.90859375 0.359375 0.15625 0.165625